LOSS: 0.5 +- 0.0816497
TRAIN_ACC: 0.9 +- 0.108012
TEST_ACC: 0.533333 +- 0.20548
